<?xml version="1.0" encoding="UTF-8" standalone="no"?>
<!-- Generator: Adobe Illustrator 15.0.0, SVG Export Plug-In . SVG Version: 6.00 Build 0)  -->

<svg
   xmlns:dc="http://purl.org/dc/elements/1.1/"
   xmlns:cc="http://creativecommons.org/ns#"
   xmlns:rdf="http://www.w3.org/1999/02/22-rdf-syntax-ns#"
   xmlns:svg="http://www.w3.org/2000/svg"
   xmlns="http://www.w3.org/2000/svg"
   xmlns:sodipodi="http://sodipodi.sourceforge.net/DTD/sodipodi-0.dtd"
   xmlns:inkscape="http://www.inkscape.org/namespaces/inkscape"
   version="1.1"
   id="Layer_1"
   x="0px"
   y="0px"
   width="224.45056"
   height="223.6875"
   viewBox="0 0 224.45056 223.6875"
   enable-background="new 0 0 600 370"
   xml:space="preserve"
   inkscape:version="0.48.2 r9819"
   sodipodi:docname="Arachnid Labs Logo.svg"
   inkscape:export-filename="C:\Users\nickjohnson\Google Drive\projects\arachnidlabs.github.com\resources\Arachnid Labs oshw.png"
   inkscape:export-xdpi="299.9324"
   inkscape:export-ydpi="299.9324"><metadata
   id="metadata47"><rdf:RDF><cc:Work
       rdf:about=""><dc:format>image/svg+xml</dc:format><dc:type
         rdf:resource="http://purl.org/dc/dcmitype/StillImage" /><dc:title></dc:title></cc:Work></rdf:RDF></metadata><defs
   id="defs45">
	
	
	
	
	
	
	
</defs><sodipodi:namedview
   pagecolor="#ffffff"
   bordercolor="#666666"
   borderopacity="1"
   objecttolerance="10"
   gridtolerance="10"
   guidetolerance="10"
   inkscape:pageopacity="0"
   inkscape:pageshadow="2"
   inkscape:window-width="1600"
   inkscape:window-height="838"
   id="namedview43"
   showgrid="false"
   inkscape:zoom="2.9013691"
   inkscape:cx="46.843222"
   inkscape:cy="111.84375"
   inkscape:window-x="-8"
   inkscape:window-y="-8"
   inkscape:window-maximized="1"
   inkscape:current-layer="Layer_1"
   fit-margin-top="0"
   fit-margin-left="0"
   fit-margin-right="0"
   fit-margin-bottom="0" />
<rect
   style="fill:#ffffff;fill-opacity:1;fill-rule:evenodd;stroke:none"
   id="rect3828"
   width="232.99345"
   height="228.5128"
   x="-2.757319"
   y="-2.0679891"
   rx="9.9502487"
   ry="9.9502497"
   inkscape:export-xdpi="299.9324"
   inkscape:export-ydpi="299.9324"
   inkscape:export-filename="C:\Users\nickjohnson\Google Drive\projects\arachnidlabs.github.com\resources\Arachnid Labs oshw-whitebg.png" /><path
   d="m 98.422485,0 c -2.708,0 -4.90625,2.19825 -4.90625,4.90625 0,0.887 0.24425,1.7205 0.65625,2.4375 l -19.09375,19.34375 0,33.25 21.46875,25.15625 -1.46875,2.28125 -27.09375,-20.3125 -11.625,-40.625 7.78125,-14.78125 c 0.473,0.152 0.976,0.25 1.5,0.25 2.708,0 4.875,-2.19925 4.875,-4.90625 0,-2.708 -2.167,-4.90625 -4.875,-4.90625 -2.708,0 -4.90625,2.19825 -4.90625,4.90625 0,1.274 0.48525,2.40925 1.28125,3.28125 l -11.15625,14.75 10.0625,44.9375 29.3125,25 -0.21875,0.3125 -24.1875,-2.53125 -23.21875,27.0625 0.0937,1.84375 5.875,21.5 c -1.815,0.719 -3.125,2.4905 -3.125,4.5625 0,2.707 2.19825,4.90625 4.90625,4.90625 2.708,0 4.90625,-2.19925 4.90625,-4.90625 0,-2.625 -2.06625,-4.744 -4.65625,-4.875 l -2.5,-20.9375 19.65625,-21.9375 18.46875,3.34375 -0.34375,1.75 -23.75,17.5625 4.4688,40.5625 13.71875,14.375 c -0.465,0.749 -0.75,1.6155 -0.75,2.5625 0,2.707 2.19725,4.90625 4.90625,4.90625 2.707,0 4.90625,-2.19925 4.90625,-4.90625 0,-2.709 -2.19925,-4.875 -4.90625,-4.875 -0.869,0 -1.669,0.23 -2.375,0.625 l -10.3125,-14.96875 -1.9375,-35.125 12.71875,-3.5 14.53125,29.03125 15.968755,7.0625 15.9375,-7.0625 14.53125,-29.03125 -3.3125,-17.25 -0.34375,-1.71875 18.5,-3.34375 19.65625,21.9375 -2.5,20.9375 c -2.591,0.131 -4.65625,2.25 -4.65625,4.875 0,2.707 2.19925,4.90625 4.90625,4.90625 2.708,0 4.875,-2.19925 4.875,-4.90625 0,-2.071 -1.27975,-3.8435 -3.09375,-4.5625 l 5.875,-21.5 0.0937,-1.84375 -23.21875,-27.0625 -24.21875,2.53125 -0.1875,-0.3125 29.3125,-25 10.0625,-44.9375 -11.15625,-14.75 c 0.796,-0.872 1.28125,-2.00725 1.28125,-3.28125 0,-2.708 -2.19725,-4.90625 -4.90625,-4.90625 -2.706,0 -4.875,2.19825 -4.875,4.90625 0,2.708 2.169,4.90625 4.875,4.90625 0.524,0 1.025,-0.098 1.5,-0.25 l 7.78125,14.78125 -11.625,40.625 -27.125,20.3125 -1.4375,-2.28125 c -2.91175,-4.49298 -1.75556,-2.76375 0,0 l 21.4688,-25.15625 0,-33.25 -19.09375,-19.34375 c 0.412,-0.717 0.65625,-1.5515 0.65625,-2.4375 0,-2.708 -2.19725,-4.90625 -4.90625,-4.90625 -2.706,0 -4.875,2.19825 -4.875,4.90625 0,2.708 2.169,4.90625 4.875,4.90625 0.789,0 1.5265,-0.20025 2.1875,-0.53125 l 13.65625,19.03125 -1.625,30.90625 -11.53125,12.375 -5.5,-10.1875 -0.0312,-0.1875 -23.5625,0 -5.593755,10.40625 -11.5313,-12.40625 -1.625,-30.90625 13.65625,-19.03125 c 0.66,0.331 1.3985,0.53125 2.1875,0.53125 2.707005,0 4.875005,-2.19925 4.875005,-4.90625 0,-2.708 -2.168,-4.90625 -4.875005,-4.90625 z m 41.812505,105.03125 3.13542,17.25 12.92708,3.5 -1.9375,35.125 -10.3125,14.96875 c -0.707,-0.395 -1.508,-0.625 -2.375,-0.625 -2.709,0 -4.90625,2.166 -4.90625,4.875 0,2.707 2.19725,4.90625 4.90625,4.90625 2.708,0 4.875,-2.19925 4.875,-4.90625 0,-0.947 -0.25275,-1.8135 -0.71875,-2.5625 l 13.71875,-14.375 4.46875,-40.5625 z M 98.391235,2.09375 c 1.559,0 2.843755,1.2535 2.843755,2.8125 0,1.559 -1.285755,2.84375 -2.843755,2.84375 -1.56,0 -2.8125,-1.28575 -2.8125,-2.84375 0,-1.56 1.2535,-2.8125 2.8125,-2.8125 z m 29.343755,0 c 1.561,0 2.84375,1.2535 2.84375,2.8125 0,1.559 -1.28375,2.84375 -2.84375,2.84375 -1.558,0 -2.8125,-1.28575 -2.8125,-2.84375 0,-1.56 1.2545,-2.8125 2.8125,-2.8125 z M 65.641235,4.1875 c 1.558,0 2.8125,1.2535 2.8125,2.8125 0,1.559 -1.2545,2.8125 -2.8125,2.8125 -1.559,0 -2.84375,-1.2545 -2.84375,-2.8125 10e-4,-1.56 1.28475,-2.8125 2.84375,-2.8125 z m 94.875005,0 c 1.561,0 2.84375,1.2535 2.84375,2.8125 0,1.559 -1.28375,2.8125 -2.84375,2.8125 -1.558,0 -2.8125,-1.2545 -2.8125,-2.8125 0,-1.559 1.2545,-2.8125 2.8125,-2.8125 z M 50.359985,144.90625 c 1.558,0 2.84375,1.2535 2.84375,2.8125 0,1.558 -1.28475,2.8125 -2.84375,2.8125 -1.559,0 -2.8125,-1.2555 -2.8125,-2.8125 0,-1.56 1.2545,-2.8125 2.8125,-2.8125 z m 125.437505,0 c 1.56,0 2.8125,1.2535 2.8125,2.8125 0,1.558 -1.2535,2.8125 -2.8125,2.8125 -1.559,0 -2.84375,-1.2555 -2.84375,-2.8125 0,-1.56 1.28575,-2.8125 2.84375,-2.8125 z M 84.484985,177.3125 c 1.558,0 2.84375,1.2535 2.84375,2.8125 0,1.558 -1.28575,2.84375 -2.84375,2.84375 -1.56,0 -2.8125,-1.28675 -2.8125,-2.84375 0,-1.56 1.2525,-2.8125 2.8125,-2.8125 z m 57.187505,0 c 1.558,0 2.8125,1.2535 2.8125,2.8125 0,1.558 -1.2535,2.84375 -2.8125,2.84375 -1.559,0 -2.84375,-1.28675 -2.84375,-2.84375 0,-1.56 1.28575,-2.8125 2.84375,-2.8125 z"
   id="path5"
   inkscape:connector-curvature="0"
   sodipodi:nodetypes="ssccccccccsssscccccccccsssccccccccsssscccccccccccccssscccccccccsssscccccccccsssscccccccccccssscccccssssccccssssssssssssscssssssssssssssssssssssssss"
   inkscape:export-filename="C:\Users\nickjohnson\Google Drive\projects\arachnidlabs.github.com\resources\Arachnid Labs oshw-whitebg.png"
   inkscape:export-xdpi="299.9324"
   inkscape:export-ydpi="299.9324" />
<g
   inkscape:groupmode="layer"
   id="layer3"
   inkscape:label="Logo"
   style="display:inline"
   transform="translate(-186.92126,-73.8125)" /><g
   inkscape:groupmode="layer"
   id="layer4"
   inkscape:label="Beaker"
   style="display:inline"
   transform="translate(-186.92126,-73.8125)" /><text
   xml:space="preserve"
   style="font-size:40px;font-style:normal;font-variant:normal;font-weight:bold;font-stretch:normal;text-align:center;line-height:125%;letter-spacing:0px;word-spacing:0px;text-anchor:middle;fill:#000000;fill-opacity:1;stroke:#000000;stroke-opacity:1;font-family:Prime;-inkscape-font-specification:Sans Bold"
   x="112.07874"
   y="223.1875"
   id="text3775"
   sodipodi:linespacing="125%"
   inkscape:export-filename="C:\Users\nickjohnson\Google Drive\projects\arachnidlabs.github.com\resources\Arachnid Labs oshw-whitebg.png"
   inkscape:export-xdpi="299.9324"
   inkscape:export-ydpi="299.9324"><tspan
     sodipodi:role="line"
     id="tspan3777"
     x="112.07874"
     y="223.1875"
     style="font-size:28px;font-style:normal;font-variant:normal;font-weight:normal;font-stretch:normal;stroke:#000000;stroke-opacity:1;font-family:Orbitron;-inkscape-font-specification:Orbitron">Arachnid Labs</tspan></text>


<g
   id="g8"
   transform="matrix(0.19390152,0,0,-0.19390152,13.712335,191.15622)"
   style="fill:#bebebe;fill-opacity:1;stroke:none"
   mask="none"
   inkscape:export-filename="C:\Users\nickjohnson\Google Drive\projects\arachnidlabs.github.com\resources\Arachnid Labs oshw-whitebg.png"
   inkscape:export-xdpi="299.9324"
   inkscape:export-ydpi="299.9324"><g
     id="g3016"
     style="fill:#bebebe;fill-opacity:1;stroke:none"><g
       transform="translate(602.2539,351.748)"
       id="g3022"
       style="fill:#bebebe;fill-opacity:1;stroke:none"><path
         style="fill:#bebebe;fill-opacity:1;stroke:none"
         d="M 0,0 -2.12,0.395 C -2.661,0.494 -3.546,0.659 -4.087,0.76 l -18.075,3.362 c -0.541,0.101 -1.131,0.608 -1.311,1.128 l -6.795,15.849 c -0.253,0.489 -0.204,1.259 0.107,1.714 l 10.563,15.392 c 0.311,0.454 0.821,1.196 1.131,1.65 l 1.221,1.778 c 0.309,0.453 0.246,1.142 -0.143,1.531 l -1.524,1.524 -1.414,1.414 -4.419,4.419 -1.414,1.414 -4.417,4.419 -1.415,1.415 -1.525,1.524 c -0.388,0.389 -1.078,0.453 -1.531,0.142 l -1.778,-1.22 c -0.454,-0.312 -1.196,-0.82 -1.649,-1.132 l -15.722,-10.79 c -0.453,-0.312 -1.228,-0.367 -1.722,-0.125 l -15.365,6.289 c -0.522,0.173 -1.03,0.757 -1.132,1.297 l -3.505,18.838 c -0.1,0.541 -0.266,1.426 -0.365,1.966 l -0.396,2.12 c -0.1,0.54 -0.633,0.982 -1.182,0.982 h -2.156 -2 -6.25 -2 -6.25 -2 -2.155 c -0.55,0 -1.082,-0.442 -1.182,-0.983 l -0.395,-2.119 c -0.101,-0.54 -0.265,-1.425 -0.365,-1.966 l -3.506,-18.838 c -0.101,-0.54 -0.609,-1.124 -1.132,-1.297 l -15.365,-6.289 c -0.494,-0.242 -1.269,-0.187 -1.722,0.125 l -15.722,10.79 c -0.454,0.312 -1.196,0.82 -1.649,1.132 l -1.778,1.22 c -0.453,0.311 -1.143,0.247 -1.531,-0.142 l -1.525,-1.524 -1.414,-1.415 -4.419,-4.42 -1.414,-1.414 -4.418,-4.418 -1.414,-1.414 -1.524,-1.524 c -0.389,-0.389 -0.453,-1.078 -0.142,-1.531 l 1.22,-1.778 c 0.31,-0.454 0.82,-1.196 1.131,-1.65 l 10.563,-15.392 c 0.311,-0.455 0.359,-1.225 0.107,-1.714 L -155.065,5.25 c -0.181,-0.52 -0.771,-1.027 -1.312,-1.128 L -174.452,0.76 c -0.541,-0.101 -1.426,-0.266 -1.967,-0.365 L -178.539,0 c -0.541,-0.102 -0.983,-0.633 -0.983,-1.184 l 0.001,-2.156 v -2 -6.25 -2 -6.248 -2 -2.155 c 0,-0.55 0.443,-1.083 0.984,-1.183 l 2.119,-0.394 c 0.541,-0.101 1.426,-0.266 1.967,-0.367 l 17.531,-3.262 c 0.541,-0.1 1.119,-0.612 1.284,-1.137 l 6.748,-16.859 c 0.242,-0.493 0.185,-1.27 -0.127,-1.723 l -9.927,-14.466 c -0.312,-0.454 -0.822,-1.196 -1.132,-1.648 l -1.221,-1.78 c -0.31,-0.453 -0.247,-1.142 0.142,-1.531 l 1.525,-1.524 1.414,-1.414 4.421,-4.421 1.414,-1.414 4.417,-4.416 1.414,-1.415 1.526,-1.524 c 0.388,-0.388 1.078,-0.452 1.531,-0.141 l 1.777,1.219 c 0.453,0.311 1.195,0.821 1.649,1.131 l 14.152,9.712 c 0.453,0.311 1.212,0.336 1.685,0.058 l 2.938,-1.654 c 0.484,-0.26 1.281,-0.677 1.771,-0.927 l 3.043,-1.558 c 0.491,-0.25 1.063,-0.039 1.274,0.469 l 1.306,3.158 c 0.211,0.508 0.555,1.34 0.766,1.848 l 12.277,29.669 c 0.211,0.506 0.555,1.339 0.766,1.846 l 0.869,2.102 c 0.211,0.508 -10e-4,1.158 -0.47,1.445 l -1.94,1.187 c -0.358,0.218 -0.845,0.595 -1.226,0.939 -6.999,4.483 -11.641,12.323 -11.641,21.25 0,13.932 11.294,25.226 25.225,25.226 13.932,0 25.226,-11.294 25.226,-25.226 0,-8.928 -4.643,-16.767 -11.642,-21.25 -0.38,-0.344 -0.867,-0.72 -1.226,-0.939 l -1.939,-1.187 c -0.468,-0.287 -0.68,-0.937 -0.47,-1.445 l 0.87,-2.102 c 0.21,-0.508 0.554,-1.34 0.764,-1.846 l 12.277,-29.669 c 0.211,-0.508 0.555,-1.34 0.765,-1.848 l 1.308,-3.158 c 0.211,-0.508 0.783,-0.719 1.274,-0.469 l 3.042,1.558 c 0.492,0.25 1.288,0.667 1.772,0.927 l 2.937,1.654 c 0.474,0.278 1.233,0.253 1.686,-0.058 l 14.152,-9.712 c 0.453,-0.31 1.197,-0.82 1.648,-1.131 l 1.779,-1.219 c 0.453,-0.311 1.143,-0.247 1.531,0.141 l 1.524,1.524 1.415,1.415 4.417,4.418 1.414,1.414 4.421,4.419 1.414,1.414 1.526,1.524 c 0.388,0.388 0.452,1.078 0.141,1.531 l -1.221,1.78 c -0.311,0.452 -0.821,1.194 -1.132,1.648 l -9.928,14.466 c -0.311,0.453 -0.369,1.229 -0.127,1.723 l 6.748,16.859 c 0.166,0.525 0.744,1.037 1.284,1.137 l 17.532,3.262 c 0.541,0.101 1.426,0.266 1.967,0.367 l 2.118,0.394 c 0.541,0.1 0.983,0.633 0.983,1.183 v 2.155 2 6.248 2 l 0.001,6.25 v 2 l 0.001,2.156 C 0.983,-0.633 0.541,-0.102 0,0"
         inkscape:connector-curvature="0"
         id="path3024" /></g><g
       transform="translate(575.0156,351.7285)"
       id="g3026"
       style="fill:#bebebe;fill-opacity:1;stroke:none"><path
         style="fill:#bebebe;fill-opacity:1;fill-rule:nonzero;stroke:none"
         d="m 0.001,0 c -1.75,8.039 -5.014,15.512 -9.491,22.096 l 13.574,19.783 -5.833,5.832 -5.833,5.835 -20.045,-13.757 c -6.511,4.207 -13.831,7.268 -21.687,8.865 l 0.002,10e-4 -4.469,24.025 h -8.249 -8.25 l -4.47,-24.025 0.003,-10e-4 c -7.856,-1.597 -15.177,-4.658 -21.688,-8.865 l -20.043,13.757 -5.834,-5.835 -5.833,-5.832 13.575,-19.783 C -119.049,15.512 -122.312,8.039 -124.062,0 l -23.22,-4.319 0.001,-8.251 v -8.248 l 22.791,-4.242 c 1.538,-8.419 4.74,-16.253 9.247,-23.158 l -12.903,-18.801 5.834,-5.833 5.833,-5.833 18.553,12.732 c 2.246,-1.541 4.592,-2.945 7.032,-4.193 l 13.043,31.516 c -8.728,5.336 -14.554,14.954 -14.554,25.935 0,16.775 13.6,30.375 30.376,30.375 16.773,0 30.374,-13.6 30.374,-30.375 0,-10.981 -5.825,-20.599 -14.555,-25.935 l 13.042,-31.516 c 2.44,1.248 4.786,2.652 7.032,4.193 l 18.554,-12.732 5.833,5.833 5.835,5.833 -12.904,18.801 c 4.506,6.905 7.709,14.739 9.248,23.158 l 22.791,4.242 v 8.248 8.251 L 0.001,0 z"
         inkscape:connector-curvature="0"
         id="path3028" /></g></g></g></svg>